8.754405000000000000e+05
3.812547500000000000e+05
2.579591250000000000e+06
2.683072500000000000e+05
1.402123000000000000e+06
2.507916500000000000e+06
3.510294250000000000e+06
1.609028593750000000e+05
6.024741500000000000e+06
6.474748750000000000e+05
9.345685000000000000e+05
4.298528750000000000e+05
2.385099687500000000e+05
8.424188750000000000e+05
3.434166250000000000e+05
9.833588750000000000e+05
1.989309531250000000e+05
4.961599375000000000e+05
1.041813046875000000e+05
1.548308125000000000e+05
9.870309375000000000e+04
1.563673750000000000e+05
8.313508750000000000e+05
5.959791250000000000e+05
4.089318250000000000e+06
1.938486718750000000e+05
5.817707500000000000e+05
1.322404687500000000e+05
2.182774375000000000e+05
2.222109531250000000e+05
